0 5 5 99 99 99 99 99 99 99 99 99 99 99 99 99 99 99 99 99 99 99 6 99
5 0 9 99 99 99 99 99 99 99 99 99 99 99 99 99 99 11 99 99 99 11 8 99
5 9 0 6 99 99 99 99 99 99 99 99 99 99 99 99 99 16 99 99 99 99 3 99
99 99 6 0 99 99 99 99 6 99 99 99 99 99 99 99 99 16 18 99 99 99 99 5
99 99 99 99 0 99 99 99 8 99 99 99 99 99 99 99 99 99 99 99 99 99 99 99
99 99 99 99 99 0 5 99 16 18 99 99 99 99 99 99 99 99 99 99 99 99 99 99
99 99 99 99 99 5 0 5 12 15 99 99 99 99 99 99 99 99 99 99 99 99 99 99
99 99 99 99 99 99 5 0 99 13 16 16 99 99 99 99 22 99 99 99 99 99 99 16
99 99 99 6 8 16 12 99 0 6 99 99 99 99 99 99 99 99 99 99 99 99 99 8
99 99 99 99 99 18 15 13 6 0 10 8 99 99 99 9 10 99 99 99 99 99 99 6
99 99 99 99 99 99 99 16 99 10 0 2 99 99 99 99 99 99 99 99 99 99 99 99
99 99 99 99 99 99 99 16 99 8 2 0 6 99 99 5 99 99 99 99 99 99 99 99
99 99 99 99 99 99 99 99 99 99 99 6 0 8 99 10 99 99 99 99 99 99 99 99
99 99 99 99 99 99 99 99 99 99 99 99 8 0 7 6 99 99 99 99 99 99 99 99
99 99 99 99 99 99 99 99 99 99 99 99 99 7 0 5 5 99 7 99 99 99 99 99
99 99 99 99 99 99 99 99 99 9 99 5 10 6 5 0 9 99 99 99 99 99 99 10
99 99 99 99 99 99 99 22 99 10 99 99 99 99 5 9 0 6 5 25 99 99 99 11
99 11 16 16 99 99 99 99 99 99 99 99 99 99 99 99 6 0 7 99 99 4 15 14
99 99 99 18 99 99 99 99 99 99 99 99 99 99 7 99 5 7 0 19 16 6 99 99
99 99 99 99 99 99 99 99 99 99 99 99 99 99 99 99 25 99 19 0 19 22 99 99
99 99 99 99 99 99 99 99 99 99 99 99 99 99 99 99 99 99 16 19 0 15 99 99
99 99 99 99 99 99 99 99 99 99 99 99 99 99 99 99 99 4 6 22 15 0 99 99
6 8 3 99 99 99 99 99 99 99 99 99 99 99 99 99 99 15 99 99 99 99 0 99
99 99 99 5 99 99 99 16 8 6 99 99 99 99 99 10 11 14 99 99 99 99 99 0
